# 4 speeds, 4 distance. Distance, inJump and incomming speed; Monte Carlo
0.05,8565,3803,4010,30744,5419,1733,30335,4070,7502,7880,12776,2242,10489,4384,23578,14718,17801,7770,4097,5905,4027,5969,8492,1994,1542,18577,2346,13550,2279,5072,39861,15109,4419,10970,6150,2359,3093,7131,5932,18531,6887,22726,4925,3320,6832,13704,10372,25447,22945,28991,4526,12461,1831,20964,21963,2749,7112,3260,33941,14907,9168,7133,6590,21075,5302,2546,10164,3101,3204,7850,40776,38750,32898,14204,4431,12038,13430,13976,7385,7647,9634,12230,6635,9532,4181,12857,10473,2609,3827,4800,4316,5114,4153,6282,4737,5078,7358,11660,4750,16256
0.1,1550,4416,3473,2821,2101,3635,5168,9641,7074,5623,2571,2253,2595,4347,24575,4239,4552,6372,6638,2686,33218,1976,7638,2479,3555,4496,2321,11712,1934,3668,9398,1312,4422,3217,9472,7053,5539,2140,2928,1576,12121,5023,2458,5947,2374,10197,1701,6186,7013,3061,3108,1856,4052,2327,2287,2026,1606,1567,2414,3756,2648,3409,4195,4803,11940,2171,1574,2656,3221,2044,2250,1528,1348,7785,3141,6622,25696,4520,2118,2489,7125,4182,1495,2475,5037,3839,4218,1929,2302,5339,1827,5444,3710,47322,2555,2373,2108,1550,4416,3473
0.15,2328,3189,5422,1943,2057,1630,1405,2079,8071,22741,4056,1704,2727,2339,10381,1246,1831,6658,2760,9416,4036,1243,3716,1199,8678,5480,4038,42601,1133,3576,3852,4014,1487,5849,4275,3766,2240,3917,2164,3695,1954,1869,1854,1751,2785,2334,2821,5942,1310,1680,7867,1987,2345,1785,3898,1598,4382,2881,4874,2345,2483,3962,8058,10204,6444,2885,8494,5135,7150,1041,8020,24960,1720,45430,3546,3751,2077,2269,6051,5372,4247,10739,7114,1169,1757,1162,2699,1765,1367,3226,2290,3695,1756,2452,7385,2599,1426,7600,15285,4712
0.2,1406,918,2393,1369,1913,2101,5855,1967,2146,8616,1630,6279,3109,6358,2462,2387,2113,1580,1679,3521,1354,6432,1156,5562,4964,2883,1622,2395,2259,2620,5165,597,1678,1499,3081,1663,1445,915,1385,980,1794,3339,2668,2901,3156,775,1432,2226,1790,2057,2441,1090,1165,839,5338,1085,3086,1336,2527,1392,892,1498,3915,4456,852,1467,3217,3454,2225,8179,1410,1390,3432,958,714,920,1543,1432,5129,2868,1236,917,7646,12936,5340,1456,2233,1176,1113,2152,2637,4778,3093,1706,1465,4785,1633,940,2669,2219
0.25,2467,2964,947,4283,3290,887,3352,5430,2617,2126,1285,1493,3685,1348,1680,3302,5434,2659,1528,836,1387,1164,1339,3796,8728,1008,3197,2314,1852,1302,1338,1531,2064,1034,3022,4221,1165,1820,588,2878,1330,1504,2328,1000,1758,1217,1243,1127,1385,19537,2437,4459,1488,3603,1604,974,1756,1468,2696,2511,4003,3352,1015,1150,1341,1916,1552,13896,4017,935,3175,1430,1494,1165,10492,2132,1478,5363,4016,1730,1262,4001,774,2865,4585,909,1759,993,3900,1446,2101,1542,1791,4580,3227,1322,914,1014,5030,3115
0.3,5105,2480,2842,1427,860,5434,2914,3608,2814,2037,775,654,2607,1418,786,1093,6668,967,2877,3091,2022,1799,2963,741,1352,1126,915,2413,1938,1709,2025,1192,1787,2065,1319,4872,1162,1752,3669,971,1702,3016,718,5211,2023,2113,1912,1419,1271,1323,2039,2624,2886,1404,1914,872,1292,1102,3544,2138,953,1698,800,2866,1492,1640,1270,12637,2851,3677,2295,4025,16097,2613,2591,2223,4112,1563,2441,1120,1886,2588,1559,1690,3034,937,847,6815,1616,1398,2439,1087,1603,841,4226,2110,1412,1852,2030,1651
0.35,2154,1462,564,1702,1024,1400,960,2879,1226,2021,3619,951,4514,878,1796,2912,2112,1128,6131,733,2392,1413,2338,1437,1694,1440,1667,1714,1025,1625,2729,1200,4780,1431,2054,4221,21191,2106,2524,1742,1743,2546,1435,2707,1590,1228,2792,6297,1181,2126,2354,4585,736,1181,797,1287,1167,2023,947,628,2975,1069,1803,1558,4170,1695,3664,2169,1026,1381,1914,1497,1547,1508,3400,1533,1706,1511,973,1514,1334,833,3001,1891,1171,1797,1867,1107,1066,1180,710,2204,2308,2090,4976,3246,3289,2952,2053,1858
0.4,1358,2175,1946,3255,3528,1126,3074,3633,2082,3648,1478,2562,3231,2679,1471,2027,1011,2322,2608,1063,1191,2552,2487,1648,4293,1907,1158,1239,1650,2524,1264,1676,2506,2911,1078,1664,2119,1234,4422,1787,1264,1923,2271,617,1489,2358,1089,2072,3087,1224,1261,761,2000,1166,1197,3519,816,2670,3148,1543,2279,973,2901,2117,2817,2979,1035,2630,501,884,901,1088,3228,1340,2681,1404,999,880,2641,2097,1168,5745,1426,1621,2584,1248,860,867,1987,844,2770,1839,1387,8928,1918,2712,1874,4033,2830,1160
0.45,952,3145,3339,1530,2135,1357,2356,3650,2091,3197,2500,2467,1558,1743,2915,1107,1560,1467,1984,4573,1161,1532,2155,3748,3453,1670,3841,2159,6404,1278,1013,3146,3325,1537,1202,3885,3577,847,3355,1316,773,1269,7931,759,3015,1318,1848,1707,3255,2499,1592,3410,1890,1461,1025,1330,2008,2333,838,798,4177,3636,4507,3540,3155,1250,2368,4013,1714,1045,1268,2063,3622,1994,2293,1280,2493,3504,1371,1539,1616,722,2119,6346,1275,2904,4186,3192,1409,2475,966,2020,1789,2340,2919,1735,3885,1880,2238,1097
0.5,2374,4721,1629,1025,1505,3695,1230,1273,1615,1390,7918,3475,2994,1421,10052,1094,4076,1060,2741,10973,18456,2725,2103,909,6923,2194,8988,6814,2834,1035,6925,8001,1394,1356,1668,1536,1633,1029,3789,3673,2044,4382,1978,1337,2870,1469,929,1041,2102,1395,3240,2511,4085,1021,1881,4816,2775,2959,629,1489,2970,2494,1653,8340,1005,13202,1187,14008,2906,1174,3777,6520,2468,3466,5371,4582,2002,3097,913,3358,2075,1522,1651,2916,2235,1341,2166,2797,3426,1181,1320,3434,3799,1107,1523,13668,1183,2368,698,5306
0.55,2647,1750,2096,2452,10203,3576,3104,4698,3485,1774,3832,1944,2167,706,5664,1154,2000,2251,2947,1433,3874,1247,783,6218,2633,3426,4620,3234,1425,1348,6754,9355,6974,9257,1669,1237,4517,1173,3650,3293,25827,2227,1132,8711,6037,4353,2363,1788,3505,1206,1706,2020,2427,2429,2819,3784,3714,2489,943,4019,1275,651,4592,5342,1367,4862,4260,5722,1937,2618,1715,1719,14424,2459,1758,5275,619,3354,1439,1834,3520,1539,4790,1338,1385,3732,747,5776,4451,1812,1780,1459,4366,1624,2262,4316,2707,634,1521,2472
0.6,3791,2167,4108,1529,6057,10906,1848,3916,2554,2260,10363,3852,1868,4647,2310,2445,4288,6644,4171,1847,3360,3840,9454,3431,5358,1506,3422,2613,8244,1601,3807,2675,1066,10286,1533,12266,1587,6858,1335,4647,6590,4669,6556,1865,4763,3360,1336,2594,3571,1451,3525,4525,10153,1950,1550,1622,4162,4054,3396,2066,7273,5209,1565,17691,3451,6348,8727,5952,1031,1667,1334,1739,4680,2429,4557,2444,1913,2060,5295,15284,4703,1610,5416,1454,5184,3950,1121,1682,836,28294,1488,3644,8243,1917,9651,5226,3574,1816,11354,3791
0.65,2927,2667,6480,3327,1148,20622,1159,1995,11561,1387,3423,8214,4808,2243,895,12123,3130,4774,18643,1420,2069,8101,1203,2343,3404,812,7383,3894,1275,7371,2794,2107,4178,4916,906,1482,6988,5286,3549,825,14992,45974,4329,9648,12596,1520,1953,1714,16021,1544,9407,12398,1461,3339,2375,3976,6370,1225,5720,4793,2890,978,9106,35243,1114,2978,6228,1833,1369,1516,5869,3312,1511,1897,13421,2159,5183,5017,4529,2060,9510,1367,13258,2115,2921,3235,1910,7535,3969,1416,2256,8444,4304,2881,3293,4981,3895,1728,10426,11769
0.7,1873,4185,17340,4931,5268,2872,995,1878,6787,5225,2391,2046,796,7451,4642,2507,4279,2829,3556,7686,2601,6621,5950,1451,7073,5008,4269,19619,6826,1939,18936,2616,1352,1546,4311,2623,9623,3558,3586,7553,6106,1623,2159,5808,3135,7249,2643,27678,4079,2036,27513,3324,1584,8870,2322,8866,8451,6603,9716,18438,25974,1468,7903,7222,1878,12807,5844,1268,2276,13139,8881,11004,4889,1717,5348,7186,2271,1639,2325,25466,6008,28975,2738,3918,3949,1502,2461,2454,5256,3672,1521,1480,7782,2869,796,12067,11323,2872,17587,8254
0.75,5316,6466,2819,1521,8721,5240,2167,7393,23803,2967,11932,37884,9338,17412,11452,16091,1828,11745,2245,24697,1786,25564,5518,2423,2680,7215,7624,4498,6302,19095,1255,26793,8959,2094,11525,7324,13853,2935,23283,11041,3041,5165,22986,30790,3130,33125,21531,13741,6549,40701,3985,3451,14035,5976,13429,6650,5788,19359,7972,4733,13785,3008,2927,5636,4063,1151,1713,4341,22161,2441,3818,27604,2231,11920,17832,13841,16102,8596,3899,11222,35054,940,47249,10479,10952,2209,36197,19993,12426,4239,13743,4139,10398,2877,1111,4726,67426,32716,16350,5256
0.8,19870,3288,13724,4492,8159,5058,16764,5648,9462,19071,3914,1242,8262,26004,4036,9421,4914,2535,5362,7298,9587,37133,1837,35325,15272,14922,14138,7115,17236,5123,12157,37380,6086,37390,1672,15573,14241,2049,2602,6802,22362,7936,7544,5330,13155,16016,4544,1489,3780,6326,7794,31553,2808,1493,7788,12646,30464,22312,1681,12084,4163,2197,7950,22478,5106,26771,4382,10615,2586,12214,4799,6297,7589,4585,30365,32302,15734,5480,8626,7387,11932,4245,21532,1710,12737,7132,4740,14578,10680,8266,17300,4213,3264,35920,38026,10272,3984,2279,9739,33900
0.85,5493,10568,19366,5705,15430,8183,5721,13314,36667,33059,3753,40243,23888,25085,21843,6856,2803,9434,4794,29944,10730,39271,4484,23990,6350,16180,8099,4298,11220,4624,5946,24895,8464,4416,6619,2800,4081,12459,1981,12488,6380,9597,10328,1901,24563,13059,3639,12988,2604,4440,22666,1775,4078,5175,1144,3759,11119,1856,34970,10831,2229,5333,17121,9698,14919,2353,3963,8189,36145,13920,5301,16516,2446,46848,3985,,20640,151501,17556,1882,44216,39795,1638,57957,62050,3130,3693,5563,9780,3327,22969,39357,13749,37555,60070,9249,35426,4405,8340,18973
0.9,27355,24592,18962,2318,17604,35725,14327,38167,25602,50236,4999,9023,5562,7541,11799,25139,8724,12642,28509,57095,2147,5909,5414,12572,10018,68830,45393,18962,51656,25601,3444,45667,16813,57110,16492,3991,7315,17775,69277,34769,29824,11087,26371,3479,2540,9597,32593,13169,8588,2794,40136,56004,65307,24864,35523,19491,2673,5363,4799,5852,28566,42427,44011,40146,3757,1115,49574,5798,24249,2576,118943,6169,65584,7057,49505,116138,52083,1809,127776,3214,25689,103442,15260,62754,12390,3233,35309,68989,6615,30593,2503,29359,98237,11900,3240,64969,84134,25361,7384,13141
0.95,24269,14543,6828,3800,41079,47279,27177,17286,9802,7114,3756,85275,14507,34993,15139,15184,90742,27554,23713,6453,15157,7045,8048,47550,84540,93729,68601,6274,4713,30578,5024,94239,7315,8193,46871,96466,3695,70915,62947,32258,66228,2114,5084,12686,62905,19158,20940,36270,9037,34034,15016,15530,46276,11063,8586,15635,7196,70708,50836,22464,13463,86986,43541,2001,40565,28534,44700,5625,6552,16140,2450,8492,3304,22904,20951,100472,131147,131728,43674,514,79827,181148,31431,4761,1515,2075,138139,137795,71014,170145,60000,42790,179835,18982,48085,28398,56788,126115,5442,118289,9386
1.0,11364,6363,8012,109822,19730,8425,21388,7864,18427,34072,3126,52381,35105,86487,73913,88033,76264,105864,30103,9522,31049,3180,4838,4078,133687,39236,59239,22968,21540,98395,109063,4050,5612,4990,9933,83766,140114,116077,135653,130826,130070,92207,14994,87801,1577,70868,133816,79790,1587,23322,22071,13903,3584,9721,,38605,52375,67392,10075,97733,46173,29647,2558,28151,162569,4054,10537,30871,45538,97835,45132,35042,70203,3862,100614,84525,140691,81880,80914,35187,11596,51448,2945,56551,39236,84707,64324,100588,78645,12929,32701,63306,163991,2864,34802,72929,198161,71332,98627,137754
