#same speed and distance. ONLY DISTANCE TO OBSTACLE. 100 trials, rest did not convergec; MONTE CARLO
0.05,8,64,62,15,84,5,72,183
0.1,15,15,6,18,46,28,307
0.15,177,20,12,9,21,4,6,65,173
0.2,6,56,13,28,4,231,9,11,22
0.25,92,37,11,4,310,1023,3676
0.3,515,106,7,302,12,23,4,5,71
0.35,366,23,28,1357,19,49,4,5,67,120
0.40,11,21,113,32,4
0.45,3,4,280,9
0.50,11,15,4,9
0.55,2,15,15,4,15,27,77
0.60,2,15,4,167,14
0.65,2,158,5,4,77,14,4
0.70,2,3,4,2,5,123,4
0.75,27,3,3,2,122,139,4,29,17,4
0.80,36,522,3,49,4,26,4,3
0.85,36,136,28,3,4,51,11,4,4,3
0.90,63,27,76,85,106,4,38,977,9,4,3
0.95,28,61824,110,389,61,32,740,746,8,3,4,21,2937,707,23,23,3104,9082,9,2506,118,324,3
1.00,11829,50271,238,111576,14458,28031,9152,12999,171,35140,6443,123,3589,7190,8798,5004,35250,3904,52144,67843,15573,26838,31676,25,1497,30052,8964,99392,47321,866,27500,3302,780,49166,49633,33120,158,36720,5189,110727,25180,2891,36822,5678,1666,15222,149967,3,8185,29538,9410,47919,123796,4,44800,3975,27851,4592,58855,41441,68739,23084,20831,43449,29411,1188,26,211,158286,241,3834,46305,783,119,1051,7542,4,3154,711,9,19731,170374,174,176,9852,139312,11988,1464,10136
