# neg Reward when jumping
0.05,13127,10042,8569,14055,23244,2675,6334,4085,10753,23753,18247,2950,13264,16181,4512,16393,2628,25992,16763,13006,3791,6693,3181,2434,7714,2807,5194,9244,43228,6497,14502,5554,10468,13732,2787,149024,3660,15067,39860,5654,1452,8265,26522,6075,1564,46233,1346,4651,3832,1797,2986,1960,4018,3878,11424,6712,5565,4119,4927,49845,14464,15068,5122,5017,14182,13186,2543,11122,3879,1692,12035,17349,4686,9228,1689,11068,13202,7352,27103,3823,5354,6412,13770,4099,10944,2312,3314,5555,27211,1875,4148,5640,4478,9710,7405,87247,4725,35525,1702,2990
0.1,14335,2615,6201,5676,17701,15942,6057,3164,8345,2425,1983,1800,6547,8996,845,1986,2132,2845,2633,5693,3551,4790,6061,3850,8209,2210,2455,2885,3010,5133,7906,1669,2550,5285,14340,2402,3750,2155,13988,3274,929,1882,15921,1846,12900,3317,2602,6598,8876,4061,4360,5528,4341,1246,2360,2313,1086,6906,4982,6967,1928,2298,3243,4868,7458,1618,5170,18097,5497,6586,2421,2409,2578,4735,8179,2574,4037,6341,4452,3115,7323,2249,2767,2528,2489,5955,1477,2537,7012,3087,4709,5563,4546,2397,5348,3776,7168,2183,4619,4336
0.15,3949,2473,33930,1588,4565,1853,3669,2191,5687,7433,1799,1640,2317,12798,6942,4328,10910,1444,4726,5030,1979,2452,994,3531,2127,2306,7729,3683,2684,1542,3619,1849,1353,1946,2287,1205,2257,2230,2202,5574,3363,1339,4094,1827,1223,1301,1468,5430,1365,2478,2540,4063,2614,1173,5777,1936,13638,1636,1913,4127,1168,2483,2567,1867,3508,1498,1735,2114,3723,2625,2203,3336,1780,1421,1480,4786,6579,2350,3523,4576,1070,2246,2210,6894,2561,9787,1831,6486,2021,19097,1716,1816,1559,3191,3360,1801,1908,4191,2811,1811
0.2,3268,955,1021,3864,1977,2116,1396,1604,1714,2655,3365,2809,1174,1612,2134,2353,1877,4972,1872,1323,3616,5693,3807,1866,3426,3924,3523,1855,6889,2411,2205,1154,2950,1749,4014,1353,26045,1346,3223,8364,1575,7367,2518,2603,3094,1561,2686,1891,1539,1970,664,1888,1564,3000,1885,3544,2112,2542,2975,1643,1186,1398,1797,2347,1726,3386,1969,4046,1980,5238,4035,6871,5566,1916,4024,2434,1555,2536,942,4291,2909,1780,1875,1605,2001,1119,2105,3149,2597,885,2187,3248,1074,2594,2000,1789,1376,2366,1891,1146
0.25,3510,3792,2524,2155,2012,2793,1816,1933,2192,2583,963,1218,1488,1280,855,2961,3031,1204,1379,1329,2309,1935,4170,4359,4827,1943,1762,1473,1706,3708,3116,3076,6117,2971,2147,6767,5148,2073,3105,1257,1392,1709,4553,1544,753,3107,1712,1753,1868,1677,2145,4900,3527,3073,1720,2189,2109,2379,1782,2361,4636,4831,1222,1625,1905,1127,1423,1804,2714,2037,1656,1282,1746,2291,4651,2335,3106,1769,5828,1843,1884,29521,1863,3096,2670,1976,2725,1835,1029,976,1613,2005,3839,1731,1866,1532,1871,856,1610,4777
0.3,4791,2872,1999,1337,2176,1168,2137,3453,1192,1166,1791,1367,1222,2499,1912,2522,1566,2500,2110,10074,1474,5624,1487,3748,1307,1511,2794,1838,1322,1502,1585,847,932,706,3204,1375,750,2576,2935,698,1688,1756,3598,1778,3295,2903,3745,2008,2654,2709,1852,1500,3169,1108,1175,3677,2398,3132,1675,1723,2881,3735,1999,1722,1283,2185,2176,2971,1814,8661,2084,1519,6287,1637,4214,2251,5766,2800,1733,1892,946,3759,1340,3341,1477,1104,990,1978,2102,1301,1900,4858,1442,1363,1291,892,1420,1399,1443,2160
0.35,3144,1978,1367,899,2047,1578,2028,1543,1653,2175,3898,3124,2301,2365,1135,1834,1484,1758,1955,1726,2844,1813,1941,1506,3552,1611,1579,1573,2354,2143,6142,1866,1647,1875,1362,733,2561,2615,4592,2449,2273,1596,1358,1703,1025,1472,2458,5316,1328,2011,3856,1951,2118,1219,887,960,2292,1922,1963,2097,1544,1289,848,1301,1622,5232,2031,1611,3139,2170,2030,2562,3012,1647,3956,1921,1754,1584,2393,1950,964,1763,1073,2608,1207,1837,1593,3945,1522,2871,1491,2116,2603,2635,2258,3129,5708,1984,3942,1673
0.40,1747,530,4366,2330,2845,4726,4799,2249,2398,3699,1973,1381,1466,722,3054,2660,608,1739,4073,778,1837,1136,2644,1348,2324,2379,2433,2253,1680,2331,1439,2864,1976,4342,1999,2988,3889,1562,2743,1766,1611,1233,1146,3178,1590,1556,2508,1564,1576,3302,2354,1842,2549,1296,3109,2289,2180,1590,2228,5308,1050,2687,3535,1454,2571,2087,6168,1759,3095,2296,1942,2443,2294,1027,1155,1751,3166,1546,4627,9175,1147,1412,3809,1428,3425,2626,1957,11729,1638,1830,2176,5053,2817,905,4809,1735,1772,2513,1495,878
0.45,2810,982,1796,2872,2048,5078,9382,1779,6345,4061,3810,809,2424,4970,1539,2209,1593,2090,969,2687,1413,2471,2762,3114,1615,3034,15334,1842,1591,1569,2800,2114,2807,2979,1907,2440,1982,5081,2863,3121,2964,1704,1543,2840,1133,2931,3777,3909,3245,1478,2847,1476,5783,1487,2397,3976,4268,1478,2382,1333,1696,1533,2052,2634,1485,7021,2734,1701,1578,2533,1807,2909,2752,2359,2704,4948,2087,4209,2312,5492,1268,1518,1369,4738,3006,2807,1966,1237,4877,3013,765,1026,2005,3735,3017,1151,3733,1383,1813,1116
0.50,3780,4905,1508,1515,2847,2723,1374,3111,1739,3479,1426,1405,1541,4273,2461,2250,2603,1077,2778,4003,9784,1986,4932,699,1840,4356,1852,1521,1183,2015,3966,1677,3418,1708,1570,3479,2591,1581,2792,1381,3990,17514,1725,2257,3287,3386,2467,4252,2669,1678,5490,5032,1523,5681,2617,1431,1976,2362,2959,3807,2526,2464,2749,2085,2068,1601,3492,4168,2805,1000,2374,2833,1342,3734,7337,2505,2968,3120,1976,2095,6447,4490,2580,3905,1471,1557,1265,3747,1698,2580,2332,2407,1086,1992,2072,3305,1466,5027,2241,1740
0.55,4894,2020,2725,1443,2388,1549,1599,1608,1156,2004,2340,4378,1651,1331,6220,3843,2112,2609,1622,1754,2877,2925,3040,2034,4180,2373,10642,4244,1971,1864,1389,1339,8562,3260,2747,2470,2124,2377,6522,2875,2752,1521,2071,3905,3162,5397,2542,2175,2460,4040,1963,2045,4940,3473,2904,1104,2199,1551,24920,1235,2928,2013,2520,3446,2197,1092,5901,3040,1728,7339,2280,2921,1040,3021,1893,2550,4336,1588,2813,7869,1413,928,960,2060,2232,2217,2028,1917,1334,5005,4776,2393,3896,2837,4675,3179,4820,2413,1783,1475
0.60,2907,3251,7965,4412,3716,2183,4838,6754,9812,4002,2615,2011,4358,3573,6479,2614,2143,3239,1926,2475,2446,2764,2082,4686,3437,2410,5223,3869,1624,3488,9126,1560,8726,1239,1195,1484,1404,2357,5689,5385,2143,3069,3188,3675,2972,5688,2491,4889,3878,4644,2857,1983,4232,2343,11402,3019,2552,3481,2799,5638,3724,3893,2104,3939,3035,5676,3795,1219,2207,1572,1408,2615,4317,2444,1901,34366,1848,2068,8192,3351,3083,4918,7179,3186,2322,6968,7844,3021,2353,6283,12977,6083,2636,1349,1619,3398,5822,2608,5273,2006
0.65,9232,7810,9842,3573,4081,2854,1585,4202,3114,4601,1914,7769,6260,10866,5719,2036,2705,2787,40999,11577,2514,2749,1702,5091,12420,4277,6985,9756,3112,8263,5479,1837,8647,4610,7619,6085,3821,2890,2428,2412,4381,3745,3478,2637,12475,2162,2704,10316,5697,2883,6426,16244,7461,4625,1632,3541,4127,11160,11520,3228,2286,3437,8028,3491,3753,17455,2292,7702,6814,2601,11101,4898,6817,11753,13658,3484,2070,2757,3058,10921,5115,2572,2763,4521,3174,5989,19466,2038,2588,4797,2181,2712,29279,3599,5079,2441,1599,8493,2961,3251
0.70,2685,2467,3550,2006,6238,7136,15201,3491,10225,1887,12895,6072,5705,5325,4296,2624,7016,4100,5419,1775,9536,3446,1578,1709,2720,7435,3004,3822,4361,4461,1454,2626,2940,3159,8150,9754,3449,6145,6220,5584,16839,1754,23858,5849,6052,28776,2987,27742,3308,7494,2931,8790,2642,2343,7788,4329,2840,11974,3188,3075,15182,7683,5173,2654,5370,6937,14128,2506,3138,18603,9750,4276,5302,3311,3734,8920,9798,4361,15380,4293,13006,2358,9189,7454,3753,11558,12671,4079,1760,6234,4786,1578,7864,6593,3687,4071,4732,8769,2063,11293
0.75,2435,1810,2927,5853,8581,2919,4972,13850,27659,3676,5045,15290,20998,6168,12611,6457,5973,7011,4417,3962,10505,4501,6400,13663,2911,5571,3426,35278,5720,1583,7418,4238,6759,6055,5948,2957,4696,15687,10830,5466,2518,16600,6652,11823,14720,14016,1435,2422,14354,8595,3711,4850,7099,5327,4409,19306,9417,756,5046,3027,5068,9536,3475,5082,3899,4261,10022,4502,2673,8239,4705,6827,1496,2552,21517,4950,3436,9990,2318,2670,27394,4838,25057,3800,9348,3824,1908,20923,5543,2900,11697,5162,7402,3192,14241,5040,2346,11160,9846,6727
0.80,23371,13662,2610,3123,26600,5906,23183,11485,2044,15258,56366,4336,13184,16712,13557,11630,11685,4179,6475,22117,3277,21088,5519,4128,5046,7032,7460,5568,3386,8238,4008,3251,19140,4465,11027,7443,9430,8304,15718,5129,9187,7542,10458,3791,32996,10154,18294,2742,7202,14167,10913,14566,6472,3560,2730,7425,4317,6402,17221,24562,3051,13622,41040,7260,24759,2382,6860,3922,6252,4609,5775,11406,3102,10563,14923,5731,3119,8198,19199,11265,5756,10868,8093,5442,7096,16954,5440,5237,8315,10868,19020,3271,9158,23881,12818,17414,24735,13355,16241,8234
0.85,5692,4946,1847,10285,14826,70294,7646,9324,11638,7958,50723,11420,3453,5384,9487,29705,30433,4195,13090,27090,20988,10246,13323,4886,4881,4299,4309,6680,5921,27922,10940,16090,20098,39213,77251,59600,7327,12890,8958,48774,26761,10285,37887,23265,3874,15325,21764,5062,20689,20026,19202,5980,17445,6953,13882,16977,58621,5112,8648,42385,12739,7147,8578,4804,13216,4628,5658,7131,3338,11382,13816,57924,8512,19509,8975,14587,6045,31106,60578,6903,7097,14691,22969,6060,10760,12224,9350,24530,5787,9872,4687,7573,8933,61880,11642,15850,19393,18662,20337,5487
0.90,18330,19318,8805,23257,11711,33491,21779,18722,36910,26080,5882,10829,8848,9255,3258,32657,16622,9681,9476,6754,5958,34068,6549,16193,9290,53356,36944,15579,5563,8232,8482,6581,11648,8438,12394,17378,16809,17818,5688,31617,25372,18421,29680,26465,9368,17077,24886,7977,5025,45452,36999,17392,24618,10553,31856,84419,36957,47410,10986,42540,13596,27220,12345,22884,6044,45135,10521,22076,9204,8594,29542,26473,5245,10892,17621,15232,17679,5220,9361,20508,25484,14263,9908,89045,10082,8319,13466,10045,50753,30676,14909,52776,20422,65610,10554,11853,7408,11605,36720,23032
0.95,24269,14543,6830,3800,41079,4807,26456,36057,12483,8749,47279,27177,17286,9802,7115,3756,85275,14507,34993,15139,32066,1275,3794,29286,15184,90742,27554,23713,6453,15157,7227,8048,47550,84540,93729,68601,6275,4713,30578,5084,94239,7315,8193,46871,96466,3764,70915,62947,32258,66228,2133,5084,12686,62905,19158,20940,36270,9037,34034,15016,15530,46276,11063,8586,15635,7196
1.0,11364,6363,8012,19730,8425,21388,7864,18427,34072,98639,52381,35105,86487,73913,88033,76264,30103,9522,31049,3182,6600,4078,39236,59239,22968,21540,98395,4052,5612,5001,9933,83766,88344,75849,59554,38619,20400,3709,14813,92207,14994,87801,1645,70868,79790,1587,23322,22071,13903,3589,9722
