# Same speed an distance; distance and inJump; Monte Carlo
0.05,3618,75,1959,674,653,1038,2851,96,774,820,83,726,2589,1424,171,99,29,484,32,2075,1906,2276,3147,94,1798,60,393,272,88,104,2763,1052,15,2521,1633,91,481,1029,3664,360,201,255,2775,496,84,15,6007,423,9,125,242,1393,80,1705,305,109,1492,215,161,102,1220,228,1157,463,1361,132,381,190,2388,4683,4670,313,140,3836,2942,1630,117,7794,26,303,291,1616,3593,418,240,44,364,17,241,2622,359,2833,278,5275,1481,1776,482,1513,567,189
0.1,333,2264,357,322,3972,270,844,546,52,838,1245,911,174,916,34,1053,944,921,68,1138,83,1652,303,638,334,406,476,185,298,213,1666,845,15,212,369,5,463,195,2294,550,155,249,2875,64,219,15,569,120,9,535,43,41,2609,2955,6,875,848,114,434,77,630,3697,33,3,897,500,343,23,117,1844,129,54,39,101,531,156,109,77,1420,21,1137,48,15,161,725,1589,44,317,2383,2432,557,140,816,482,1493,74,1008,331,210,74
0.15,324,460,1804,322,918,155,401,2090,52,62,23,377,98,397,35,112,41,901,32,396,283,111,46,638,2008,96,729,1521,79,354,67,54,131,46,482,5,636,9,474,64,226,56,28,64,1812,54,125,400,1147,40,268,65,744,158,6,105,45,77,267,271,207,364,760,3,370,734,60,31,14,115,80,39,39,443,133,70,748,27,321,68,720,135,210,153,1101,228,94,149,2324,167,1332,114,219,212,891,195,13,41,475,74
0.2,1929,64,352,105,1092,2078,81,182,52,358,23,603,111,405,160,55,170,513,77,469,65,50,33,103,588,90,121,54,1462,337,77,388,100,96,257,5,99,9,1093,64,207,136,89,15,57,15,76,61,278,57,183,101,1792,334,6,875,26,98,171,285,201,421,760,3,403,355,316,24,14,886,549,17,21,1102,1125,15,784,19,278,59,166,659,610,336,237,109,266,91,73,209,406,123,298,316,354,43,13,1066,1887,417
0.25,590,50,302,223,160,91,83,182,52,387,23,341,95,192,160,52,144,672,114,453,65,100,33,103,83,9,279,142,107,192,546,165,50,63,253,5,99,9,242,142,264,134,89,15,32,15,182,61,610,39,183,50,2132,358,6,875,26,156,400,161,152,190,190,3,383,355,25,24,40,633,32,17,34,52,806,15,88,33,53,114,953,1426,523,10,229,205,284,121,118,145,204,106,359,632,592,60,18,239,2,407
0.3,195,50,176,75,175,65,909,182,58,211,23,637,859,132,160,52,28,469,24,1094,65,523,54,103,93,607,278,985,65,224,947,370,62,36,253,5,99,9,345,142,166,134,89,15,47,1057,189,624,129,52,183,130,623,343,6,96,26,98,399,136,98,139,109,3,265,412,126,59,33,549,386,24,124,42,685,136,39,26,55,52,74,663,9,96,211,205,206,121,7,1099,482,1482,371,218,125,61,598,737,2,407
0.35,192,50,21,87,166,102,153,182,381,251,184,67,324,169,86,52,28,16,24,375,65,82,347,159,496,44,264,137,125,48,7,311,124,36,212,5,99,9,311,42,113,55,87,15,32,163,252,128,205,52,60,126,93,532,6,96,15,95,348,248,98,152,105,3,287,193,503,36,75,472,378,10,39,99,1127,127,39,34,130,78,74,263,9,96,85,226,56,26,7,762,34,56,56,511,119,83,160,247,2,130
0.40,135,26,52,322,108,130,321,257,166,349,473,59,12,553,125,52,28,125,151,101,98,69,59,215,98,50,84,143,261,279,7,311,395,44,212,30,99,9,127,48,70,55,118,37,86,95,202,674,624,109,85,238,152,97,6,96,14,64,348,111,98,118,44,3,287,60,503,25,76,123,107,10,241,42,1127,112,72,27,6,78,76,33,820,10,163,85,164,379,7,198,69,168,58,166,72,102,616,135,2,150
0.45,143,50,12,48,156,130,140,240,204,339,112,45,12,56,125,52,32,131,186,158,58,69,8,141,126,76,78,28,33,337,195,164,139,101,212,21,99,9,232,48,138,26,89,107,284,120,81,668,722,12,60,58,76,33,6,109,17,128,106,111,98,243,80,74,395,44,456,25,102,123,107,63,221,40,59,98,61,27,30,74,304,28,360,10,42,85,191,379,7,198,56,156,156,43,115,82,13,177,2,145
0.50,127,48,43,48,156,48,403,167,71,116,61,51,12,196,56,52,32,31,26,92,9,223,9,60,102,9,88,90,33,337,195,112,22,101,212,18,186,9,302,49,124,56,57,107,144,127,115,46,520,12,60,135,76,18,6,157,95,112,301,109,98,136,84,100,8,124,277,36,476,143,408,97,157,40,231,71,61,51,116,97,158,74,490,10,75,85,189,248,7,126,56,281,101,252,8,89,13,228,2,145
0.55,112,19,33,48,64,73,136,92,71,141,122,37,12,82,23,301,253,31,26,36,76,99,80,60,319,9,88,27,36,177,45,89,210,51,212,10,185,9,84,14,140,375,69,11,148,83,81,79,520,89,60,116,82,118,6,153,106,194,329,738,98,47,89,119,8,129,4,40,205,255,277,200,96,81,77,23,92,90,29,28,217,24,165,10,27,119,189,248,7,76,106,41,58,67,8,89,75,23,2,116
0.60,43,96,38,243,25,84,219,92,242,95,47,37,12,335,23,147,7,31,26,38,100,109,117,60,337,260,80,16,98,79,62,84,15,51,262,10,198,73,40,14,146,51,77,11,52,80,56,135,55,64,60,72,72,71,6,124,13,222,9,251,190,47,89,119,8,39,4,6,141,109,425,197,146,76,128,53,20,66,53,11,188,100,157,177,277,70,208,248,7,76,195,53,58,110,8,135,121,23,2,116
0.65,49,120,30,233,20,30,161,60,74,95,44,37,12,186,23,52,6,31,26,54,40,127,267,60,339,214,80,86,98,105,99,84,15,68,57,8,145,57,47,14,42,228,431,11,58,305,81,136,55,53,60,68,72,62,6,124,13,73,9,146,220,47,138,51,109,95,35,6,8,65,425,261,233,51,236,437,20,32,46,47,218,79,107,48,7,21,425,69,7,76,208,82,58,151,8,149,128,104,2,134
0.70,193,18,69,113,20,89,108,103,152,29,47,63,12,186,28,101,7,184,26,203,40,90,87,60,305,156,209,57,104,168,77,24,15,50,208,8,145,9,76,14,42,200,458,11,58,132,64,134,55,64,60,130,272,75,6,41,13,73,9,185,154,42,71,170,9,207,89,6,20,59,135,178,233,51,309,274,20,173,58,156,218,79,173,52,7,40,200,85,321,116,74,42,58,171,8,62,67,160,2,157
0.75,89,198,69,169,20,38,286,103,136,29,36,161,12,220,28,101,7,201,37,5,40,90,194,20,118,174,73,42,55,168,61,24,15,72,302,311,145,9,76,14,42,10,96,11,93,128,45,175,55,67,60,130,41,65,6,41,13,73,9,67,311,155,226,67,9,107,67,91,59,59,135,152,182,51,102,126,20,173,58,70,181,94,82,174,7,40,365,107,100,79,240,42,58,171,8,316,12,94,2,151
0.80,246,49,31,202,20,32,221,103,41,29,43,32,99,58,28,157,7,63,37,5,40,90,194,122,434,270,114,21,171,152,110,24,15,72,215,82,242,9,19,14,42,148,96,15,44,59,356,146,61,41,60,48,41,65,99,49,13,73,9,96,68,89,194,67,9,198,126,37,16,19,180,240,28,298,128,115,20,68,55,49,126,81,149,154,7,36,272,124,76,79,2,59,58,165,8,224,12,84,2,151
0.85,88,143,31,328,20,58,129,133,80,99,122,32,200,56,28,214,7,185,312,5,40,109,357,104,238,300,337,23,248,207,160,24,15,19,116,361,168,9,305,14,204,92,96,11,151,66,168,138,61,26,60,39,258,74,99,138,13,73,9,129,260,176,93,359,9,78,178,107,16,19,108,187,28,501,366,128,20,23,36,68,181,189,123,190,6,36,434,45,125,79,2,56,58,112,8,48,12,36,2,514
0.90,206,77,31,230,20,183,59,154,47,141,336,32,200,56,103,112,7,77,232,5,211,402,49,516,270,350,361,225,213,40,255,24,15,19,138,73,402,9,354,87,23,217,96,11,70,134,185,86,61,26,196,39,177,102,53,59,13,63,9,102,248,80,276,61,9,223,430,6,16,19,436,456,28,171,266,23,20,23,148,17,210,96,64,412,6,86,399,703,147,79,2,61,4,42,8,63,20,80,2,130
0.95,206,134,31,204,104,263,59,196,47,223,157,130,199,56,103,112,7,93,266,5,65,42,49,88,269,331,271,160,143,31,43,24,15,19,342,359,150,9,92,61,23,116,97,11,223,134,212,169,127,191,124,41,89,65,53,186,13,95,9,102,228,210,217,116,9,306,637,6,16,19,157,109,28,207,109,51,20,23,358,17,91,217,210,176,6,158,321,77,227,75,2,18,4,54,8,268,340,35,2,304
1.00,25,180,84,257,471,116,40,386,47,329,60,103,368,56,164,141,7,66,169,152,68,184,49,502,379,9,212,114,138,31,43,24,15,22,306,523,159,9,209,266,23,116,92,16,102,47,438,139,97,154,63,235,105,65,63,61,13,918,9,224,21,169,162,116,303,242,115,6,16,19,738,238,28,268,126,218,20,23,58,173,91,155,53,269,6,295,347,190,287,46,2,189,4,42,257,65,271,35,2,252
