#Same speed and distance; JUST DISTANCE. SARSA 0.99 discount, 0.9 Learning rate
0.05,139,65,1289,183,68,166,159,404,110,175,564,148,328,167,302,72,296,139,32,186,291,349,61,51,277,425,86,271,97,436,176,185,293,153,33,1012,398,56,188,151,71,107,148,85,172,89,56,614,1252,282,53,47,146,37,48,389,168,180,66,33,78,300,113,591,712,175,884,85,194,127,180,239,667,167,136,67,86,1253,303,126,85,361,206,214,581,134,89,55,372,199,182,308,84,87,140,269,527,63,24,64
0.1,34,77,113,154,282,70,75,592,391,49,116,217,33,80,317,68,84,248,28,94,276,144,223,269,39,178,364,366,72,130,27,131,187,130,126,75,399,207,267,217,410,379,307,115,253,302,313,80,98,67,410,106,68,30,296,83,383,33,50,103,191,167,139,76,647,90,468,98,209,91,45,115,96,78,24,81,158,63,35,82,96,57,100,119,829,111,67,38,60,220,144,37,148,516,58,126,288,415,102,146
0.15,172,181,101,220,338,54,328,136,193,302,786,117,45,41,57,27,230,293,49,354,149,190,47,223,75,41,143,110,59,577,163,329,169,572,58,96,451,208,51,50,172,67,287,98,104,22,146,520,315,344,110,275,52,30,110,36,28,584,557,186,142,211,75,126,316,60,484,73,178,83,151,61,305,293,164,156,190,136,70,107,113,81,36,28,207,35,121,25,127,655,146,86,74,114,152,582,232,29,138,123
0.2,286,40,129,208,720,147,954,61,501,40,184,296,189,86,199,76,183,76,211,272,48,245,288,44,47,401,134,71,582,752,83,138,52,89,613,99,85,478,273,120,172,363,177,90,32,77,265,73,209,71,93,341,50,144,68,45,223,438,23,325,252,918,138,131,145,435,99,63,202,136,156,732,129,268,77,60,305,53,61,168,80,132,145,118,302,98,96,46,510,108,809,61,186,315,44,434,140,326,124,91
0.25,230,35,146,370,354,81,50,332,79,95,376,120,279,199,535,41,54,236,56,49,399,535,40,42,157,130,130,60,307,103,51,371,405,356,175,48,244,31,24,42,815,231,170,28,611,114,104,399,75,56,39,113,43,113,287,158,106,98,140,129,221,170,437,222,395,62,34,79,603,514,143,196,128,70,97,281,60,203,237,150,139,102,198,316,54,338,92,105,59,517,47,423,42,104,301,65,38,85,838,113
0.3,221,76,187,76,387,108,622,35,394,177,780,75,127,80,84,47,74,27,178,35,254,622,145,188,142,107,291,99,142,143,269,94,434,355,77,29,193,55,47,103,250,274,67,392,55,127,157,345,218,112,242,165,36,484,57,116,366,154,93,367,95,67,61,43,53,64,80,168,57,54,122,232,115,87,116,101,31,56,176,804,189,46,55,599,35,345,147,122,379,453,347,27,268,189,66,181,175,145,431,160
0.35,172,102,60,59,56,56,82,63,83,127,74,36,109,31,154,75,1133,185,39,95,202,154,137,39,270,234,102,363,387,78,36,54,41,131,246,95,598,71,316,64,94,272,200,37,500,141,363,345,122,43,290,395,169,421,224,70,83,81,207,37,590,353,29,109,51,395,174,92,221,172,207,300,81,129,44,75,146,590,119,102,28,102,56,45,457,174,390,67,427,207,32,473,120,80,98,94,145,71,99,101
0.40,52,35,102,283,172,145,390,54,370,192,195,124,82,480,858,46,72,132,83,238,104,170,56,92,299,345,206,30,25,31,85,123,41,611,48,160,135,195,89,57,161,331,93,248,128,56,80,221,275,319,122,110,338,156,204,244,123,528,165,345,24,469,67,70,95,72,61,83,104,46,74,44,55,54,157,61,59,406,98,677,205,266,279,58,49,485,56,233,39,178,372,370,55,86,69,888,25,35,126,267
0.45,93,66,150,28,211,91,287,485,308,586,199,246,414,254,107,152,55,23,125,112,51,120,57,157,257,378,227,47,137,71,74,154,125,66,344,60,113,218,103,123,378,27,212,59,40,37,547,563,157,200,48,170,178,83,127,359,40,40,38,70,103,47,82,239,604,83,26,77,99,130,223,428,33,539,220,387,149,565,228,72,270,471,125,223,62,209,260,144,118,55,809,31,119,87,385,54,159,394,56,77
0.50,126,118,320,131,45,99,140,67,97,40,285,265,350,80,159,218,49,301,97,91,57,116,92,306,344,78,69,68,134,255,392,127,556,721,88,44,75,102,90,300,125,28,66,317,193,44,436,51,27,72,76,299,163,77,131,92,447,48,383,152,38,559,152,25,250,50,76,63,140,616,163,133,117,86,165,70,99,295,161,104,97,250,30,251,259,177,118,39,140,108,111,142,253,191,46,37,94,120,143,154
0.55,121,89,205,60,218,43,124,53,114,133,82,68,214,112,247,232,39,197,301,88,412,104,84,38,105,747,39,172,211,362,85,95,101,475,27,190,126,174,134,493,97,65,805,259,57,63,324,20,41,264,30,246,270,29,305,146,142,26,122,72,91,313,168,98,322,59,202,97,35,137,70,99,195,54,55,196,284,59,755,31,545,26,26,109,306,263,69,297,249,55,100,69,98,356,156,133,88,148,85,404
0.60,147,308,67,43,55,84,68,184,143,37,57,49,25,50,76,114,32,233,121,113,232,39,113,81,134,59,41,249,546,62,68,182,93,71,48,177,178,241,218,206,103,108,394,121,329,209,36,446,159,441,128,37,85,331,75,208,72,98,167,160,518,185,58,374,99,175,642,302,99,76,171,91,45,42,62,92,266,614,23,86,225,81,201,164,367,30,70,107,66,40,78,73,264,130,70,179,25,810,475,388
0.65,54,76,94,260,313,51,245,385,177,71,27,237,305,416,226,107,755,45,404,128,345,58,375,177,393,82,94,111,119,155,187,245,24,51,99,836,169,718,222,161,360,83,158,150,58,250,135,146,53,101,290,281,340,70,253,195,354,95,140,161,97,525,266,53,72,154,371,293,53,218,93,306,60,122,207,33,181,220,518,149,164,74,779,102,144,39,286,170,177,92,39,266,394,70,258,99,213,145,201,58
0.70,80,40,34,32,247,217,37,132,71,132,185,174,131,130,46,161,331,510,144,76,56,110,24,25,51,174,26,244,518,674,62,143,85,164,220,272,210,277,118,89,126,141,214,58,61,388,105,56,198,177,283,136,254,52,45,207,112,49,71,83,33,35,959,397,205,86,83,97,68,153,149,195,394,207,125,132,151,349,685,45,45,97,44,70,50,161,93,343,73,151,61,116,56,191,77,167,61,279,189,36
0.75,469,81,88,28,119,34,88,50,165,316,275,377,112,65,322,364,214,228,192,43,235,181,65,78,23,88,21,156,233,135,174,513,211,392,123,497,265,125,108,52,241,28,415,401,78,70,239,99,29,514,144,241,90,539,179,182,38,64,82,142,199,111,123,78,57,33,64,151,264,79,28,196,58,160,272,290,278,157,203,53,163,462,68,94,33,31,37,467,168,183,86,30,35,81,252,34,42,55,116,237
0.80,498,91,74,178,387,26,137,31,198,97,262,19,33,229,72,365,359,39,175,158,102,33,98,29,452,250,478,31,181,109,52,204,81,171,30,48,81,61,71,152,269,258,272,54,120,32,52,165,286,415,138,237,72,195,74,337,115,474,114,55,778,43,593,147,36,160,83,114,537,507,62,86,222,72,656,117,22,519,295,76,64,205,201,180,238,689,252,90,488,36,145,115,25,28,381,320,228,78,173,70
0.85,41,482,22,142,347,43,200,549,205,88,261,204,267,88,36,502,47,297,47,57,94,92,69,60,400,546,88,87,153,216,89,523,209,129,63,205,155,46,20,278,125,51,109,74,44,297,243,140,166,134,638,29,119,56,94,207,275,127,317,392,192,101,346,117,57,179,126,127,37,28,60,73,64,33,70,276,47,129,139,48,67,34,280,282,44,25,310,323,144,52,245,125,218,70,40,61,28,178,267,32
0.90,593,114,69,302,774,162,183,203,234,241,140,446,113,405,749,176,267,326,125,265,53,121,271,129,140,47,68,206,42,62,259,287,69,419,90,83,163,214,140,597,194,95,71,223,170,64,60,88,196,209,81,399,24,137,241,340,133,336,334,33,220,42,136,232,508,35,260,47,25,109,77,66,59,271,303,122,62,160,610,328,312,75,320,373,112,196,439,167,280,301,26,432,35,184,234,35,76,518,59,143
0.95,315,359,88,31,180,113,93,127,190,132,34,51,55,60,205,102,23,87,44,299,396,39,158,320,74,137,86,73,321,164,355,411,273,432,64,73,160,222,241,362,454,198,339,99,182,148,43,80,62,81,205,37,22,354,67,337,312,272,63,60,54,84,115,78,105,147,42,516,423,21,121,640,284,53,373,156,141,150,93,49,268,579,69,61,91,195,394,150,25,247,486,197,51,25,110,401,425,159,36,42
1.00,307,216,114,142,214,337,393,174,742,202,86,42,615,232,120,117,119,172,62,177,37,90,292,461,25,555,88,61,116,644,34,26,128,76,495,76,79,77,166,279,163,51,249,26,235,94,189,714,120,189,253,323,44,20,77,145,294,143,88,184,473,47,170,33,170,137,282,158,224,98,344,57,280,98,90,25,233,88,123,116,73,198,49,51,434,58,152,257,141,92,274,53,34,235,124,470,64,62,128,85
