#same speed and distance. Distance and inJump SARSA; 0.99discount factor 0.9 learning rate
0.05,51,48,43,43,34,47,41,38,41,38,57,35,37,33,37,39,36,36,43,37,40,37,48,36,41,37,38,44,49,42,41,37,38,36,37,43,40,41,46,32,40,54,44,39,42,34,44,36,40,60,34,45,40,42,40,41,36,43,41,36,41,36,54,38,34,42,42,36,41,34,43,36,45,39,37,51,40,42,41,37,39,35,39,34,41,38,65,37,35,39,39,41,47,40,53,39,33,38,40,34
0.1,44,39,48,58,40,40,35,39,48,46,40,39,35,45,45,41,46,44,43,50,46,43,47,42,47,45,41,39,46,43,41,37,40,46,39,47,41,41,38,37,36,46,41,42,47,35,38,45,44,44,38,44,44,37,47,38,36,44,41,43,43,41,42,47,42,41,44,36,36,35,44,44,38,39,35,43,38,40,48,41,41,33,46,35,40,41,44,46,52,41,39,42,50,36,40,50,40,71,42,41
0.15,41,41,66,38,41,44,42,67,53,37,54,47,40,35,45,42,48,40,44,47,59,45,42,39,34,47,44,88,68,49,48,41,42,41,38,41,36,52,41,68,37,45,56,39,47,39,40,57,42,34,46,49,42,39,39,42,42,49,50,42,40,50,58,39,48,37,42,37,36,44,50,42,44,44,39,44,47,51,42,45,57,37,38,56,48,48,36,40,45,44,38,50,42,37,40,50,38,66,39,39
0.2,47,41,62,66,35,41,83,40,52,42,57,44,53,44,56,34,41,40,50,57,46,49,40,52,35,37,58,46,39,56,50,57,43,44,47,35,44,47,42,35,43,51,56,45,55,45,49,42,46,56,42,49,50,53,33,50,39,44,51,38,35,52,35,41,53,37,41,54,60,40,42,40,49,44,47,54,66,41,38,52,47,49,38,39,62,67,48,34,47,46,51,38,43,47,41,36,52,54,46,54
0.25,57,49,41,73,41,35,70,42,60,38,42,41,48,68,44,36,57,56,78,47,39,62,42,52,58,52,80,75,63,43,42,44,44,43,52,57,51,41,41,49,50,38,42,55,74,62,104,45,50,56,33,41,46,36,42,111,41,52,44,105,52,75,45,49,74,54,38,62,67,86,58,37,36,42,41,100,83,51,69,43,46,58,57,41,54,52,53,42,41,56,77,47,40,42,43,45,39,63,47,57
0.3,41,41,92,47,56,80,46,77,81,45,46,48,50,48,59,54,54,36,57,38,52,65,69,101,35,43,45,44,42,47,54,77,45,42,43,54,50,58,38,38,54,42,41,72,54,45,61,41,45,47,95,54,108,33,69,48,49,73,41,61,57,45,45,58,42,54,59,49,48,51,43,40,32,36,79,53,53,44,58,43,54,61,66,47,63,38,43,50,56,45,46,52,42,36,51,44,65,38,38,51
0.35,42,41,46,99,36,64,46,49,91,53,48,60,70,58,89,36,56,39,64,38,56,50,42,41,64,67,52,89,53,92,45,45,50,42,78,42,74,56,81,52,41,44,59,74,77,54,48,59,52,52,46,50,51,57,45,36,42,31,62,58,104,65,73,34,66,53,49,71,55,35,54,42,41,70,68,46,43,83,42,44,39,78,55,38,48,54,56,47,53,38,54,43,47,56,76,50,50,44,44,42
0.40,44,80,44,48,38,90,58,51,43,48,63,45,50,60,189,72,50,48,60,41,51,41,53,49,69,66,66,60,44,42,51,66,41,41,52,53,63,62,40,39,45,59,38,107,116,48,79,48,46,39,44,44,31,42,41,47,34,46,58,59,31,44,57,44,45,44,33,104,70,47,136,43,47,64,75,51,63,59,59,42,48,114,35,64,63,46,43,45,41,42,52,71,59,42,101,96,53,56,45,38
0.45,43,47,84,39,100,86,54,45,58,54,52,63,44,71,60,36,63,73,106,39,96,44,142,66,50,54,114,48,41,44,59,48,45,67,79,57,55,42,82,60,53,89,53,49,52,112,53,37,63,42,46,48,63,48,57,86,63,43,76,51,48,72,49,55,35,46,30,43,78,51,53,108,43,60,63,63,81,48,93,40,37,59,37,43,79,72,133,44,85,49,65,42,100,55,112,68,70,53,59,39
0.50,50,44,68,78,52,95,76,49,58,46,95,34,61,74,80,61,41,141,80,49,49,35,93,54,55,53,119,51,89,50,88,64,102,45,94,71,74,44,45,101,93,92,40,46,61,60,46,84,52,101,86,48,91,135,124,56,47,49,50,93,93,46,41,74,80,48,36,38,51,75,110,59,51,43,141,52,45,77,53,35,49,36,80,44,67,53,38,61,67,45,64,48,43,80,42,78,52,56,40,62
0.55,58,65,50,107,42,73,48,112,51,110,76,35,41,101,83,110,46,135,104,137,47,50,49,86,50,40,41,63,126,60,130,47,43,40,88,152,48,83,113,113,51,112,98,103,46,42,62,94,115,71,34,56,56,58,102,35,73,87,44,52,74,69,52,50,79,43,41,138,53,38,84,55,48,35,41,42,103,55,74,55,61,61,89,106,42,54,47,54,71,47,62,41,86,75,103,63,65,56,123,47
0.60,84,90,53,61,37,81,82,110,87,103,113,36,50,57,45,64,97,49,41,85,103,97,165,42,44,59,95,44,62,39,185,76,39,51,63,42,66,89,66,68,42,62,64,83,79,65,43,74,77,63,61,40,38,50,92,52,49,105,45,45,50,39,58,82,98,53,72,98,106,30,141,117,43,53,84,110,89,32,100,38,51,116,56,180,84,79,66,72,66,93,128,73,80,88,118,37,141,95,113,36
0.65,73,59,44,88,43,64,124,55,53,79,77,35,137,88,81,110,104,54,567,75,45,122,48,53,91,60,145,116,163,99,146,101,61,83,89,208,48,47,72,96,49,82,102,144,50,75,73,61,91,103,172,109,63,56,99,49,91,106,58,63,36,90,72,79,92,47,87,103,97,95,80,95,43,79,62,73,115,32,84,66,73,73,137,127,125,85,114,85,93,41,97,40,117,45,82,35,124,37,86,76
0.70,85,48,94,73,195,111,71,66,78,132,78,133,46,87,38,163,72,44,88,60,144,35,57,88,178,43,119,123,152,76,96,91,128,60,93,90,70,84,122,81,112,215,99,69,64,79,98,104,59,168,57,38,36,55,94,54,67,75,63,90,46,39,53,86,83,78,104,47,49,55,57,48,50,196,56,220,204,32,47,69,75,43,50,84,174,94,107,130,142,51,171,49,77,44,66,146,118,84,58,167
0.75,170,87,112,224,135,139,118,58,176,95,108,127,46,83,191,114,83,186,143,237,53,117,85,134,104,93,56,124,280,63,96,57,34,66,244,372,152,52,51,116,80,91,141,120,161,51,82,80,56,107,89,47,69,86,42,115,76,52,369,114,47,69,57,80,74,103,80,72,124,92,51,87,73,91,47,97,169,368,64,137,118,133,94,88,72,49,132,68,320,234,184,111,100,68,120,45,49,124,138,75
0.80,96,270,37,41,288,108,134,86,73,122,51,108,164,77,121,276,62,50,133,94,262,125,116,129,68,69,140,209,72,68,149,103,61,207,85,283,121,124,47,63,48,113,137,137,131,115,91,98,340,202,81,130,86,74,267,45,93,73,127,54,235,67,40,93,171,186,64,103,65,64,231,109,93,79,284,93,249,60,116,65,185,170,170,278,79,39,134,43,305,122,63,46,180,43,70,169,119,128,122,222,
0.85,274,207,54,91,298,279,37,68,96,119,137,160,84,202,215,76,247,206,149,85,98,261,129,106,293,104,98,129,49,161,119,137,120,75,99,101,180,83,60,103,112,106,114,84,94,59,109,99,242,56,114,45,99,97,207,150,226,205,72,162,198,241,129,110,108,96,121,105,237,73,195,204,71,203,249,101,181,67,335,91,66,197,153,151,69,53,223,119,221,152,65,151,112,101,116,254,149,60,126,187
0.90,155,104,152,60,80,99,204,96,69,83,50,43,111,152,192,124,75,44,166,267,120,52,84,124,69,137,93,164,226,80,140,76,62,103,159,137,190,137,107,236,994,199,509,98,55,165,151,83,261,95,69,155,120,283,63,401,109,227,152,239,58,153,164,87,42,129,244,211,130,96,60,201,82,137,182,279,58,162,92,112,136,75,71,106,245,221,495,125,144,222,172,60,365,92,391,265,40,81,339,66
0.95,210,306,45,157,117,114,92,139,40,70,75,55,310,246,154,233,205,65,157,101,100,70,309,182,332,111,93,200,413,36,124,366,93,189,178,1058,90,314,92,184,191,119,131,60,294,99,244,93,78,108,215,63,189,253,122,397,80,210,86,89,162,157,119,301,165,83,153,127,71,185,171,197,74,124,81,513,83,146,44,226,100,188,132,110,157,154,408,98,102,260,114,81,129,51,190,363,222,87,99,176
1.00,96,101,152,104,613,94,217,91,173,619,288,143,370,53,348,199,201,71,68,233,129,80,81,337,295,54,313,78,132,97,61,235,339,130,98,60,224,303,190,558,244,178,211,112,119,237,327,326,351,78,117,164,71,152,143,203,123,121,143,234,539,105,268,92,185,80,125,139,111,235,151,183,159,173,304,384,101,463,210,82,168,128,181,145,170,118,121,439,90,266,139,126,328,175,236,91,107,103,57,208
